191 181111. 192

11111111.1111111111 61611· {ll l..¹”..⁶.⁰t¹'.⁰.;¹.³¹¹⁰e.l.llzll :llll 1111
6611 queptu le 1166616166 166, og 11 666 66116611 866111661661, 6116616116 ffls 11 1616166116. 3. Et
12. Et thuz dit: le n’en 1666616166 66161, 6166 6166166166 16 16 prophetasse, laquelle 666666161
16616166 6616116 86166661. 1311111111116666166 6616616 66116. Et 1686166661166 dit: Appelle
6616166661 661666 16 David: Vous 661-6666616 666 666, husto toy 1 16 1666661116, 1611616 uu
ohose 16 1666161166116161666, 6116666616661166 16116. 4. 06161661 66616616616661661161666
66661 666 01661 14. Ρ6611661 16 86166661 16116 661666 66 6616, 16 16166 16066166 6616661116, 61
1666616 66 61666. Voiuy 16 Vierge 66666116 61· 166 16666611166 16 86616116 161661 161) 1166 d’Assur.
661661616 66 116, 61666611616 666 6661 16666661. 5. Le seigneur 6 66611661 16 661161 h moy, 116661
11. Il 6666616 166116 61 16161, 1666666 h 66 qu'il dereohel: 6. D'outunt quo 66 6666166 1616116166
666116 16616616116661, 61 661116 16 bien. 16. 061166 66666 16 81161, 661 6661661 6666666661) 616 6116
161661666166166166611616616616116616161661116 616161111611661661161616661161 7. Ρ661
161166, 16 16116 666 16 66 1616661616161666616 66616 66666 16166 16 86166661 661 66666 (166 66666
66616611666. 1116866666161616611661166 d’un 16616, 6166666 61116166166, 1661611 161166
61 sur 166 666616, 61 661 16 66166616166 6616, 1Ἀ6661,611661666661666666161666161666166666
166 16616 661 66 66111 666 16666 depuis 166 161116 166 1616666111, 61 661 1666665) 666 1116666. 8.11
611Ἐ61116161 66 666616 16 1616, 1 661611 16 1166 116161661616666666616166, 661661611616, 61666-
d'Assur. 18.11611166116 66 66166111, 66616 6616 tellement qu’il 611616116 1666666 66 661. 11
86166661 6111616 66166 16 6166616661 661 66 16 fin 1616166611) 16 666 616166 1666111616 largeur 16 tu
166 166166 11166616, 61 66166 1616111611) 661 661 16116, 6116666661. 9. 1166661166 1666 6666166, 61
66 6616116661. 1911166 viendront tontes, etse 1666 66166 16161167) 16166166, 1666 1666 qui 66166
1666661661 os 1611666 16661166, 61 ee 66161666166 16 6616 1616616161 16616666 1666, 16-16, 61 1666
6161166, 61 66 166166 6661666, 6166166616166666. 66161 16116116.. 10. 0666611166 6666611, 61 11 6616
20. En 661661 11 16 seigneur 166616 d’un 1666111 dissipe. Ordonnez ordonnunoe, et elle 66 tiendru
166666 (661 6661 661 6661 66116 16 16616, 66116 66161, 1661661 666 16 86166661 66161666666 6666,
1166 116661) 16 16616 61 166 66116 166 61616, 61 1106116861666616111161661,66616166’1116’6661
66161616 66661 16 16116. 21. Et 611166116 66 oo 66661661 661 16 66161) 61 6’6 instruit 16 n'eller
1666611, qu'un 616666 66611116 66616616 6116111 66161 66 16 1666 16 66 666616, 116661, 12. Ne
brebis. 21111 6661 1616616666 16 16161 qu'elles 11166 66161 666661161166, 166166 61 666616616161) oe
rendront‚¹⁴) il mungerudu 166116. 0611661166616 peuple dit eouspirotion: 61 66 61616666 66161 16 66
661 6616 doluisse ou 611166 16 1616116, 16666616 6161616, 61661666 666616616666161. 13. 866611166
166116 61 6161. 23. Et edviendre 66661 66 66 1661 16 86166661 166 6161666, qu’ioeluy soit 166116 6161616,
111666 1661 1166 oh 116 661666 6116116666, 66 61166116 66661661661661. 14. 111 il vous 6616 66
16611615) 61116 616666 1616661, 666111) 166 6661666 6666111661166; 66161166166616666161161666666116·
61 166666. 24. 06 6 6611616 6166 166 1666166 61 16661, 61 6616616 16 16666 aux deux 16616666 d’Is·
1616, 661 166 6661666 61 166666 661661 661 16616 16 16611 66 1666 61 66 161610) 661 habitune 16 Ierusalem.
terre. 1661 66661 aux 6166166666 qu’on 6666116 15. 111 plusieurs d'ioeux 66166661661, 6161611661,
6166 16 66166, 11 66 1166116 61111617) 6661 166 61 661661 11616616, 61 661661 6616616, 61 6116.
6661666 61 166 ronoes: 6616 661661 61666666 116 16. Lie le 16666166666, 6661611611) 16 Ι166 66116
6661616166166616,61661661166116661661161111) 666 116616166. 17. Ainsi i’ottendruy le 86166661

166661 66616 66 1666 16 16 6616661616661, 61 161-

chapitre vm, 1661166. 18. 116 16166, 6166 61 6666611166, 666
16 86166661 m'o donnes en 61666, 616661611661611)

1. 111 16 86166661 111, 61666 6661 166 66 61661
16116, 6166616 66166166 d’un stile 1166661) 116616

’ ² 66616116166161.,...61166666161...,041111
η 0 ᾖ 0666ἰ 816111061666668161011. 61666616 19.
ι116111 reuertere. ,
111 61111111611111· 66611 Vuillunt 0. 16. j)l‹;lht1l³unsslln O· losoendue 46⁸ m
11)166666166”.’--1611661160.46, 666166116 5159. ⁶) en 616166.- 66 16 16116 61116- ο .
17)66 n'y 661666161’. 11661166116616666610. ο) 66 166166 choses 666661166 ‘. Ne 666661. 66161 ’66611-
11) 6661 661616116116116 0. 16116666666666 666616 166 66666 16161666610.
¹ ¹) commun *. 1666 616116 (166616 46. suiv). 116166- ¹¹) 116116 . . 16. 1. 0.
61616166 hommes 0 suiv. 11)616111666(66 6161661 66661166) *.

 

