483 PSEAUMES. 484

66060 16 Loy. 56. 0001 m’eet fait,²⁷) 666000 660 060 60611) 0110 0100660 06016166 00166 60-
i’ay 66060 100 6161010. 100161106. 78. Quo 100 0066016060 eoyent 606166,
060 110 61061 6000001111) faussement: 10 60611006]

Ηο16. 06 16006116. 79. Quo eeux qui te 66166661 60 re

67. 6616606016 00 66 portion, i’ey 611660 10 1110111 101110) 111010 01 00110 1111 0111 0011111 1011 100
66060066 100 Ρ6061100. 68166 requie 16 1660 60 1110100060· 81116110 111011 0001110011 0111101 011 101
1661 666 06060, eye 60001 60 moy 60106 16 Ρο06116. 0101111110 01111 1111010 110 0010 1101110111·

69. 16600601600011) 600 myos, 01 ey 166000 606

61060 vere 166 100ωοί666600. 60. 10 60 0610 60010, 0111111· .

01 n'ey point 616000 60 garder 166 666660606066. 81. Mon eme 601 60161160 66000 166 66161, 10

61. Les 0600600611) 666 60066060 616010610111) 661100 6 16 Ρ600110. ,8611100 yeux 6661 60161116

t 611.1111.ἳ“111.1.ἶ61011...Ῑέ62611616 1111 tt. 61311111661116111111111111

60101661106. 6610 6660066066611) 6016666066 16600, 01 10160ςῖ01016 666 60161666110100 06116.

661 10 006160061, 01 661 gardent 106 0101616. 64. Sei· 84. Combien 0061 10616606 601660000110601 66606

6006016 10000 66161066 60166100606060, 00661600 ferae-tu ingement de eeux qui 60 600600010611

666100 0611001) 86. Ιο00 0066016060 61061 iouy 6061000οο, 06 661
, 00100100 6016660 006610

66. seigneur, tu 60 6166 1001 610600611ου0 66060066 6066 moy. 87. 116 61661 presque 0000660
00106 16 Ρ606110. 66. 66061660 moy 66610 60 66601011) 06 16 16000, 1061061616 10 6166 66161 60161000 100
060 i'ey 6066 e 100 666666606060. 67. 1100661 0161616. 8871016011) moy selon 16 60610, 0110
660 10 16600 6661110 16 60 0616 iourvoye: 6616 660660661010060166660 6016 666060.
6016100601 10 garde 16 Ρ606110. 68. Tu 60 666 01
6100 faisant, enseigne moy tes edite. 69. Les or· Ῑ1011100·

6000111060 661 forge 600 606600660 066100 60611) 89. 80166660, 16 6606110 666060011) 660 01060
0000100006 10 66060066 601601660 06000 100 06116. 61061 106610. 991116 verite 001606060061100 06
70. 10660 00060 001 066061060 06660 0616, 661010 6060066660 16 66 001661111) 16 terre, et elle 06661010.
060 6010010 00 16 Loy. 71. 11 616 0010 666660 91. Per 100 1660606011) 116 persistent 1606000 66·
17‘35011 0οῗ 66311610, ι66ἶο 60160 16660000 . 11106 06110. ξῖιᾮυγ) Θ6))υοοο 666 Ι’1),066 :ozt 166 (10οἷ0νί10600.
61110610016766008106606011οο1.οῃὶθε Μ oum que 61600 110181606666610111,06ὃ inni] Θ6111161161οἿ 1300111011
6011066 066000 00 66610 106 6161610, 06016 6166

166. 0101600616066. 94.Ι 10 06101106, seuve moy: 060

73, 'reg mains m²0nt 66 „t form& fay moy i’ey 060066011) 106 6161610. 96. 606 66606660 61061

66100606, 666 660 1666οο600 160 066666606066. 011110 ,11001 1110 1101010017) 11101111οΡ100 6111110 0101
74006066110661666016000000610100000· 100001800600· 96· 1111 101110 110110011011 1111 101111
16610001, 606060 666 i’ey espere³⁷) 06 16 Ρ606116. 11111 1011 001010101001011101110111018011)

76. seigneur i’ey eofnu que 100 ingemens 60001 Μ
16011000 01 m'ee 666110 06 verite. 76. 10 10 6010 , , Ψ·
660 16 60010 0011 6060 60 06600100, 0616616Ρ606110 97· Ο 0011111011 1111 011110 111 Ῑ1011 0110 0011111

1166 600011060. 71. Quo 100 misericordes vienent 100011011011111101111010111· 9111111111’11010111111111110
066611) 660 666 6666600 6601000066666060600

1111160 66 0610 06 moy, 6166 0. 46. 6010 61061 660066 ‚ .
166000... 660000·
11 06661610 0. 606600 46. 0. ⁴⁰) 066661106606 eveo Ο. 46. 0001060061 t 64. 0.
11 en 0060600 66160 0000661000 600 m. 616616006661110 ⁴¹) 16 6601 0. 000 060610 46 600 06100 6000660 64
66 636110 (60110 0. 0000.) 6666166600 69.
00000000001100000..
³⁸ 0161666411. 6066666006 64 0. 11 16660 0. 46.
⁶ ³⁴ 66601610016600· - 60610, cognomento et 00106000. 166066ωῶοὦΘῇ 3⁰ Μ a.
46, §ffugufflltfflezfflgfflsss 061 forge 600 1661000106 31 ¹:itemiiiisu⁸ 60 destruite 0. 46
α mit 60610100 64. 0. ι 11) mimos 11. 46. 666 60016 64. 0.
111 16 66 60 0. 46 00 6161166 64 t. 101160016160 prudent 0. 46.

 

