419 PSIIAUMES. 480

44 4414111) 41 1444444444 14 nom 44 seignour. 41411144,·)114441 4414 44141414 4444444144 44441444,
14. 14 4444444 4444 44444 44 84144444 4414144441 444144 44 nom 44 seigneur 14 144 4444441444,
444441 1441 444 444414. 11. La mort 44 444 44- 13. En 444 4444444111) 14 4414 444444 4114 444 44
1444414440) 4414444144444444411444444 44841- 1444144440)4441414841444444414414401) 1411144
44444. 16. 844 4444 seigneur, 444 14 4414 144 441 444 14444 41 mon 44411444, 41414 4414 44 44141.
444411444, 14 4414 144 444411444 1114 44 14 44444414, 11. Voix de 1444 41 44 44141 441 44 1414444444 444
14 44 44444411) 4444 lions: 17. 14 14 4444111444] 1441441 14 444144 44 seignour 4 141144414, 11144
144114 44 1444444, 41144444444411) 14 nom 44841- 444144 44 84144444 441 44411440) 14 444144 44
444. 18.14 4444444 4414144441 mos 44444 44 4444444444 44414. 11. 14 44 mom-ray 141,
4111111111411111 11111..11.1.ῗ111ῗ 11111’11..1.1111111.’11ῑ’11.11
441444. 144444 1111441141. ’ 5 44141 11444 I 14 mort. 19. 0444444444 144 portu
44 1441144, 41 441441 44144 44 144114414 louet-ay 14

Ρ4444444 cxvn. Seignour. 20. 04414 porto 441 44 seignour, 144

1· [Pontos MIIOM 10qu 10 &ignem-³ tous 1110108 01111θῖ0111 011 100110. 21. Ῑθ 10 oelebmny

44441444414144414. 2. Otr 44 misericorde 441 444- 1100100 (100 10 0100 0101004 01 0200 0010 00 01101

14444441) 444 4444, 41 14 444114 (14 84144444 domeure 22· 1¹² 1110110 (100 100 01111000 04110101100419 0 0010
mmmmm Louoz 10 seigneur, 14414 414144 11444141. 23. (14444 441414144414

84144444, 41 44144444111444 44 444 4444. 24. Voyoi
Ρ4444444 CXVIII. 14 1444444 444 1484144444414114, 44444444-4444,

11444441111444414441441144444444414441- 010100 100100140θῦ0 00 100110· 20050110001410
44444 441 1 14411444141) 2. Qu'lsrael die 4441414- 10 1100 000104 10 ,10 11004 80180011 11111110011010111
4441, 444 44 4144444441) demeum 4 1441 1444414. 10 ,11110 212001100110010111011100111001011
1444 14 4441444 4Ἀ4444 414 44414144441, 44444 30100011 00110 1000 1100100000 (10 10 1111000 (11
41444444444444441444411444441. 4. Quo 4444 441 20110001· 21110801800010119100, 01 1100001
4441444411484144444 41441, 444 44 misericorde 441 0001011021) 1101 2010000 0100 100 01101100 101111οξ
44441 444414. 4144444444111444414444 ⁸¹1¹ nomes de 1‘aut01: 28. 144 mon 0444441

demmss θ) 444444 mv„ mm e„ me ‚mmm 14 14 44141444444 14 44 mon Diou, 14 1444114444.
44 1444411 6.1.e 84144444 441 4444 moy, ie ne 214. (14141444 14 84144444 Ι444 11441144, 414414
4441444444414114411)444441’144444441444. 1. 144 0140110 011 0 101101001000010·

14144444414444 moy 44144 4444 441 m’aident: 41

14 444444 ce 444 ie (144144 44 4444 44444414. 8. Il P⁸⁰²¹¹m⁰ CXIX
4441 441444 44Η4444 44 seigneur, que 44 4441144 44 4114414.

11010100· 9· 1001 101001 00110101011 50110001, 1. Β144-1444444 4441 4444 44144414411444 44
11110 00 0001101 001Ρ110000· 11)· 21110100 1101111101 1444 voye, 41 441 4144414441 4414144 4484144444.
m'ont 4444444441) mats 444144 44 nom du 84444444 2, Bien.h0„ffiu1 sm 00⁰¹ qui gardent ω, ιω.
1010010000101114) 11·114010100100000410110 4414444444441441441144444444144144414411)
3¹⁸ 101101 0111110000· ⁸) 11011 00 1110, (10 30140001 3. (144144 4444 44141441444144 444 44444 441441
4414444444411444. 12114441414444444444444444 point &1125un mu as mmmm quo ως ,utun
444441 444444 4114444441. 1. Δ 14 mione 4414414

11111111-10011100 1·”” 1111111111’,111111111111111
· 1210011054· ⁸· 4414 44144111 I tous 144 444444444444. 1. 14 14
”) 1111011111 ⁵4· ⁸· Iouoray 44 44411444 44 44444, 444441444444444144

4) 0„ me.. ou, mulflpfloe, , ment„ 035· mdo 144 ingemens* 44 ,14 1441144. 8. 14 4444444441) 144
s. 44414, 44 444 44144444 44441 44 1444 1444.

14.

¹) 4444 414444444441* (4141441414 44114) 14. 4. 441 41 ,
⁰' 46ἱ) maome* - 4444444 4. 444 4) 1141414111410122 ⁰⁰¹¹¹¹¹¹⁰ ⁸⁰⁸ θ’.
ι 11 4242414424101404144144414 0. 4414 44444444 44 4144144· 2)144444141424012οἰῐ 0⁹ 46⁸ mmor 52 ⁸⁸
2888111114412444 11444444 444 441444 14144· 14 4. 444 1444 111 4444414444114621111411144114414444-14 4.
I). 444 444 ferolttghomme 46. mn ω t 0 , ¹⁵) 11 4444 4414414444 0. 46. -
⁷) efferaytog. gem mn ο n ⁸ ¹) 41444410. 46.
⁸ 44114 4444414444441, 41 444441 I 1441444 44 moy 0. ¹) i'o 4444 0. 46.

 

