691 HOSEE. 692

13 Dieu 3133 333 133 13133333133. 1. 11313 113 3113331131)33133133333 31333131. 11. Et Ephraim
331 13333333333 131113333 3331133 133 hommes, 31 33313 3313313 13 33131313 3331313 3333 3333311) Ι13
11 11333113111331333331331 333133 moy. 8. (131331 333131333111)Ε333133133 33113331333 1133331333.
3113 13 33113 3311331131311113, 133313313 33 3333. 1211313 quand 1133 333331 31133, 1331331333 133
9. Et 3331133 133 11313333 311331331 quelque 11331313, 3313333333, 31133 3311331333 3313313 133 3133333
31331 33113 3313333313 133 6333163313333,113 33333- 13 3131, 13 133 3113311333, 33133 (331113 331333 33 1333
131333311)331313331’33 333331, 333333 33113 1331 333331113311) 13. 11311333 333 333, 333333 33113
333333. 10. 133133 311333 1113133 33 13 3131333 3333313313331313333 13313331133 3 333, 331· 113
113333113331133113331113311331Ἐ31133131, 133331 3311311 1333131333133313313331 et 13 133 33311313
3313331331133. 11.1133311313111’313131331313333,1) 33311 31 113 331 3331333 3133333333 333133 1333.
133113 que 131331) 331333333 13 333111113 13 1333 14. 13133133331133313333 1333333331 333113
333313. 331 11331311) 333 131133 33331331 113 3’33333311133331
3.... vn: 3113131313131331111313
1. Quand 13 3333133333133331, 31333 1131133113 33333 333133 3133 133331333313.11) 1611333 331333-
1Ἐ31133131 3 3313 (13333313313,1) 31 133 3133311113· 33333113313 333 333 3111333 113331 3313 3331313
331331, (13 Samaria: 333 113 33 3331331131 1333333- 1333 1333131113. 113333 Ρ313333 3331 3113113 333 1’33-
3333313311) 31 13 133333 331 33133, 13 11313331 3 333,33331’3333311131333313333331133113331331-
13313333311311333. 2. Et n'ont point 1111) 33 1333 3133 33 1313333 11133313.
33333, Ι’33 33 3333333333 (13 13313 1333 31311331 , ,
31313133331 13333 133131131) 133 331 3311333333, 113 0113111111ἯΠ
3331 33 313 33333333. 3.113333133133331131133 1. La 1331333113 3311 3133 331313, 3331133 131313
33 13331331133, 31133 Ρ113333 33 13333 1333333333. 33313 1331333 13 seigneur, 333333 33113 33113333·
4. 03 3331 1333 adulteres, 3313313 131333 31133113 313331 1333 31113333, 31 331 133331131331331 1311333133
33313 1311331331) 1133333331331311133 33333 qu'il 13 1133. 2. Les 1333311133 33133331 3 1333, Mon
1111. 1811111111111111131 1ἓὲ 1111111111 11111101313111111131111 1111110111
1311 1331313 333 13 3333 13 11331, 113 3313313 33 3333331) 13313 333333 13 moy: 113331 333311133
331333333311333333. 6. 033 113 331 1311 3333331133 33133133313,3113 3’33 33 3133 33333 113 333331
1333 33333 3313313 331333 33 131133 1333311333, 1333 13113 1331131331) (13 1331 33 31ι 13 1333 333331, 3333·
1133133333 133311331331331111, 31 13 13311313 1333 1331 Israel 3333 3313331133. 1083133113133 3333
331 33113333 331331313 1331311313133. 1. 113 3331 1331333331)31331333’3313311133333 333133 333.
133333313311333331333131333,11333133333313333 1333333 3 quand 33 33313331-113 33313 33331311)
133331 1333 13333 Rois 3331 13131133, 31 3’3 3 331 6. 033 1333313 33313331 331 11333313 113 13133333
3311333 qui 3313 3 1333. 8.(13311131133131 3133133 1131311, 31 3’331 33131 Dion: 3333133113 133313
3’331 313313 33133133 33331331 1131331133 331333 8333133333 3113 33 313333. 1. 033 113 333133331
3313 3311 aux 3331333, qui 3’331 33131 33133333. 13 1331 313333311133331 1313331111333 11 3’3 333131
111133 3313333333 331 3133311 33 13333 31 11 3’33 13 31333131) 13 333313 33 33313133 33131 13 farine:
33311 rien: 33331331131113333 3’3313333333 33133, 333311 33 produit, 133 3313333313 13 (1313333331
3111333 333113133. 1611113333311 1133331333- 6133331 331 devote, (3313133331 il 3333 33133 133
133 133331333331) 33 331333, 31 33 3331 33131 re· 3311333 3333313 33 33133333 311 11 3’3 3 3313131313.
1333333 33 83133333 13113 Dieu, 31 33 1331 33131

--. 1) 33333310. requierant 46. 51 3333133119.
⁶ ' 310. 11111111118161111534118 313331311333331.33333130
‚ ἶ) 110118 31313 534333 13313 31. Ο. 13 t'y metz 13 m. 46. 11133133 3311 33311 11131333 333. 46. 3. 3333131331
ta 1111) 111113ξέ8111 ’ ⁸⁸¹ congrggssrsssaagrss (1131131311, 13313 133313 331 33311 31. 0. 33-
33333 qur 13 133 33311313 113 33313333331 31. 46. 33.
11111113. 1111111113.
1 11111811411111180111313311311111. 11118611 46⁶ ⁸⁸⁶ 1)33133333 Ο. 331 33133313333331346. ss.
1 mffintrffisctgfflssd acm Μ’ ⁸⁸ 11 1311118811181111131113 133 1333 0. 133 133333113131113 46
,1113313111 33333, pour 13 33313 qui 11313 33333 33133 64. 13131. t'a 1311 1131333333 59. . ’ ’
331333 0. 33331 11 131333 13 33313 . . 46. quand 11 33333 ⁴) 1333333311 54. 3. 331113331’133333333 0.46.
1131311133 1333133313 13 33313 331333131364.3. . 1) 133133 n’a 33131 13 333313 3133113311 0. 16 113’3 3
⁸) 1333 13131111 0. 33131 13 bl& 1131331, 13 333133 33 1331133131 54. 3.

 

